id,name,address,city,state,country,latitude,longitude,phone,hours,source
node:3181270556,D1,Vía Las Palmas Km 2,Medellín,,CO,6.2273024,-75.5658832,,,osm
node:3277724598,D1,,,,CO,4.5376051,-75.6720194,,,osm
node:3315519261,D1,,,,CO,4.7989414,-75.7424329,,,osm
node:3348458309,D1,Carrera 9,Pereira,,CO,4.8130442,-75.6954892,,Mo-Su 08:00-21:00,osm
node:3406307355,D1,,,,CO,4.5542969,-75.6636726,,,osm
node:3669356890,D1,,,,CO,4.655924,-74.0627137,,,osm
node:3763117058,D1,,,,CO,4.5572902,-75.6566292,,Mo-Sa 08:00-21:00,osm
node:3811561150,D1,,,,CO,6.2502427,-75.6035507,,"PH,Mo-Su 08:00-21:00",osm
node:4056667789,D1,Carrera 8,,,CO,4.64867,-74.060936,,Mo-Su 08:00-21:00,osm
node:4099716954,D1,,,,CO,5.0534098,-75.4886634,,,osm
node:4099716955,D1,,,,CO,5.0608513,-75.4883307,,,osm
node:4139560682,D1,,,,CO,4.7498643,-74.0591868,,,osm
node:4153630420,D1,,,,CO,4.9388769,-75.7384092,,,osm
node:4180933094,D1,,,,CO,4.6979374,-74.0427787,,,osm
node:4181177389,D1,Calle 109,,,CO,4.6946408,-74.0496642,,,osm
node:4294498799,D1,,,,CO,4.6442149,-74.1299325,,,osm
node:4301425548,D1,,,,CO,3.4608359,-76.5276022,,,osm
node:4356206867,D1,,,,CO,4.7433696,-74.0580241,,,osm
node:4363723491,D1,,,,CO,4.7480258,-74.0464015,,,osm
node:4497757195,D1,,,,CO,4.6336157,-74.0730843,,,osm
node:4543690189,D1,Avenida Norte 47A-10,,,CO,5.5550536,-73.3508385,,,osm
node:4580151589,D1,,,,CO,4.7498498,-74.0734081,,,osm
node:4624673789,D1,,,,CO,6.210062,-75.5763717,,Mo-Su 08:00-21:00,osm
node:4635874890,D1,Calle 12 17-116,,,CO,4.7957236,-75.6912532,,,osm
node:4636534723,D1,,,,CO,4.5946928,-74.1022631,,,osm
node:4722369489,D1,,,,CO,6.1735086,-75.3343609,,,osm
node:4723462890,D1,,,,CO,6.1747094,-75.3394672,,,osm
node:4725214292,D1,,,,CO,6.1766121,-75.3444386,,,osm
node:4727005889,D1,,,,CO,6.1307776,-75.3795787,,,osm
node:4785320141,D1,,,,CO,6.6442238,-75.4611664,,,osm
node:4790681622,D1,Carrera 50 49 34,,,CO,4.2635972,-75.9340334,,Mo-Su 08:00-21:00,osm
node:4795577625,D1,Variante Condina,,,CO,4.7642725,-75.6871982,,Mo-Sa 08:00-20:00,osm
node:4814727521,D1,,,,CO,4.6753736,-74.1347223,,,osm
node:4827054332,D1,,,,CO,4.5714663,-74.0976543,,,osm
node:4888197434,D1,,,,CO,4.6178419,-74.0835961,,,osm
node:4889877321,D1,,,,CO,3.4519649,-76.5370156,,,osm
node:4936329521,D1,,,,CO,4.154936,-76.2866509,,,osm
node:4951675833,D1,,,,CO,6.2642098,-75.596644,,,osm
node:4969112421,D1,,,,CO,6.2216938,-75.5802303,,,osm
node:5072217965,D1,,,,CO,4.7045652,-74.0502275,,,osm
node:5090246221,D1,,,,CO,5.5455184,-73.3599185,,,osm
node:5127009669,D1,Calle 161,,,CO,4.7366502,-74.022263,,,osm
node:5131767305,D1,Calle 162,,,CO,4.7379029,-74.0259275,,,osm
node:5131867211,D1,Avenida Calle 161,,,CO,4.74012,-74.0410362,,,osm
node:5133786379,D1,Avenida Carrera 7,,,CO,4.6367404,-74.0634152,,Mo-Su 08:00-21:00; PH 08:00-20:00,osm
node:5148182851,D1,Avenida Carrera 70,,,CO,4.6746908,-74.0982432,,,osm
node:5159761195,D1,Calle 138,,,CO,4.7239459,-74.0522206,,,osm
node:5159860628,D1,Avenida Carrera 50,,,CO,4.6776007,-74.0661825,,,osm
node:5171852808,D1,Calle 10,,,CO,4.7124043,-74.2262303,,Mo-Su 08:00-21:00,osm
node:5178411724,D1,Calle 51,,,CO,4.6401253,-74.0759104,,,osm
node:5209139586,D1,Avenida Calle 13,,,CO,4.6054882,-74.0816007,,,osm
node:5209154463,D1,Avenida Carrera 27,,,CO,4.5903319,-74.1081831,,,osm
node:5214856563,D1,Avenida Carrera 13,,,CO,4.6108987,-74.0727489,,,osm
node:5230915284,D1,Avenida Calle 63 15-18,,,CO,4.6500185,-74.0659549,,,osm
node:5250722027,D1,TransMilenio,,,CO,4.6372925,-74.1549825,,,osm
node:5252831548,D1,Carrera 69,,,CO,4.6120424,-74.1350065,,,osm
node:5273979922,D1,,,,CO,3.4847516,-76.4906604,,,osm
node:5316723648,D1,,,,CO,3.2661487,-76.5376569,,,osm
node:5316724408,Tiendas D1 El Ingenio,,,,CO,3.3830247,-76.5254707,,08:00-21:00,osm
node:5316726750,D1,,,,CO,3.4315841,-76.4977687,,,osm
node:5322718974,D1,,,,CO,4.7406379,-74.1136304,,Mo-Su 09:00-21:00,osm
node:5349612723,D1,,,,CO,2.4537157,-76.5998311,,,osm
node:5364519805,D1,,,,CO,6.2165131,-75.2387369,,,osm
node:5372965320,D1,,,,CO,4.8289654,-75.6823078,,,osm
node:5421594127,D1,,,,CO,4.7412889,-74.063973,,,osm
node:5438366873,D1,,,,CO,4.6111439,-74.2058767,,,osm
node:5451269821,D1,,,,CO,3.433526,-76.538874,,,osm
node:5460739222,D1,,,,CO,6.5011803,-75.7424307,,Mo-Su 08:00-21:00,osm
node:5481518021,Tienda D1,Carrera 11,,,CO,6.5526621,-73.132314,,Mo-Su 07:00-21:00,osm
node:5483005024,D1,,,,CO,4.6874523,-74.0477903,,,osm
node:5495009768,D1,,,,CO,4.7239356,-74.1147126,,,osm
node:5540623479,D1,,,,CO,4.622159,-74.0770777,,,osm
node:5548721140,D1,,,,CO,6.1793008,-75.4429223,,,osm
node:5548721288,D1,,,,CO,6.1712576,-75.4902527,,,osm
node:5790740877,D1,,,,CO,4.6546155,-74.1309764,,,osm
node:5837992255,D1,Carrera 10,Girardot,,CO,4.3038204,-74.8032156,,,osm
node:5838963427,D1,,,,CO,5.7689806,-72.9403224,,,osm
node:5846107546,D1,,,,CO,6.133089,-75.4025348,,,osm
node:5902125964,D1,,,,CO,5.5503472,-73.3596146,,"Mo-Su,PH 08:00-19:30",osm
node:5906469740,D1,,,,CO,4.6327663,-74.1486877,,,osm
node:5906804085,D1,,,,CO,4.5750942,-75.6447998,,,osm
node:5924065386,D1,,,,CO,6.2412685,-75.5861093,,,osm
node:6026292538,D1,Carrera 19,Bogotá,,CO,4.6241995,-74.0737462,,Mo-Su 08:00-20:00,osm
node:6074050573,D1,,,,CO,2.4885292,-76.5788849,,,osm
node:6174428988,D1,Diagonal 75B,,,CO,6.2092542,-75.5936275,,Mo-Su 07:00-21:00,osm
node:6204653532,D1,,,,CO,2.4490556,-76.6114879,,,osm
node:6321075586,D1,Diagonal 25 36,,,CO,4.3308515,-74.3790229,,,osm
node:6327359287,D1,,,,CO,6.2749466,-75.582912,,,osm
node:6327383889,D1,,,,CO,6.2748481,-75.5830094,,,osm
node:6328222876,D1,Carrera 13A 33-58,,,CO,4.6209444,-74.0681897,,,osm
node:6336857560,D1,,,,CO,4.5710585,-74.2372554,,,osm
node:6347941985,D1,,,,CO,5.6301566,-73.5265977,,,osm
node:6366327952,D1,Calle 1,Cali,,CO,3.4249406,-76.5524776,,Mo-Su 09:00-21:00,osm
node:6368080891,D1,,,,CO,6.5602856,-73.1397104,,,osm
node:6374956514,D1,,,,CO,4.7003204,-74.0813066,,,osm
node:6460216755,D1,Calle 53C Sur 43-74,Sabaneta Antioquia,,CO,6.157919,-75.6040195,,,osm
node:6601601085,D1,,,,CO,4.6079301,-74.0711052,,,osm
node:6637941015,D1,,,,CO,4.592467,-74.1022284,,,osm
node:6638968285,D1,,,,CO,4.6670908,-74.1211439,,,osm
node:6681267687,D1,,,,CO,5.0342478,-73.9924726,,,osm
node:6709037085,D1,,Calima,,CO,3.4840984,-76.4970875,,,osm
node:6718988628,D1,2E 76 Carrera 11,Pereira,,CO,4.8092005,-75.6775644,,Mo-Su 08:00-21:00,osm
node:6718996627,D1,,,,CO,4.8077917,-75.7251133,,Mo-Su 08:00-21:00,osm
node:6718996628,D1,5 22 Calle 63,Pereira - Risaralda - Colombia,,CO,4.8049455,-75.6978124,,Mo-Su 08:00-21:00,osm
node:6718996990,D1,Calle 14,Pereira,,CO,4.8025841,-75.6915334,,Mo-Su 08:00-21:00,osm
node:6718999403,D1,,,,CO,4.8132979,-75.6903948,,Mo-Su 08:00-21:00,osm
node:6719000270,D1,Carrera 9,Pereira,,CO,4.8133914,-75.6988826,,Mo-Su 08:00-21:00,osm
node:6719000966,D1,,,,CO,4.8107507,-75.6938964,,Mo-Su 08:00-21:00,osm
node:6719002783,D1,5 22 Calle 63,,,CO,4.8041846,-75.7410513,,Mo-Su 08:00-21:00,osm
node:6719003046,D1,5 22 Calle 63,,,CO,4.7864255,-75.7251656,,Mo-Su 08:00-21:00,osm
node:6719003155,D1,,,,CO,4.8036271,-75.7380239,,Mo-Su 08:00-21:00,osm
node:6719003250,D1,,,,CO,4.8106478,-75.7523216,,Mo-Su 08:00-21:00,osm
node:6719007753,D1,5 22 Calle 63,,,CO,4.8216364,-75.7301818,,Mo-Su 08:00-21:00,osm
node:6719008287,D1,5 22 Calle 63,,,CO,4.7925677,-75.7107917,,Mo-Su 08:00-21:00,osm
node:6719008490,D1,5 22 Calle 63,,,CO,4.8061723,-75.805255,,Mo-Su 08:00-21:00,osm
node:6719008654,D1,Carrera 13,Pereira,,CO,4.8122003,-75.7067591,,Mo-Su 08:00-21:00,osm
node:6719008655,D1,5 22 Calle 63,El Poblado,,CO,4.8006676,-75.7087387,,Mo-Su 08:00-21:00,osm
node:6719016822,D1,5 22 Calle 63,,,CO,4.8090281,-75.6803083,,,osm
node:6719023573,D1,5 22 Calle 63,,,CO,4.8154254,-75.7126209,,Mo-Su 08:00-21:00,osm
node:6727664964,D1,,,,CO,6.2131903,-75.5708037,,,osm
node:6759866186,D1,,,,CO,6.213216,-75.5707037,,,osm
node:6932976230,D1,,,,CO,7.1241761,-73.1185298,,,osm
node:6970233297,D1,Carrera 36 10B-100,,,CO,6.2114008,-75.5649448,,,osm
node:6978564285,D1,,,,CO,4.6208916,-74.0681585,,,osm
node:6987832285,D1,,,,CO,11.2222102,-74.2065358,,,osm
node:6988596985,D1,,,,CO,11.2360871,-74.1921128,,,osm
node:6988602985,D1,,,,CO,11.2374392,-74.1888002,,,osm
node:7008558585,D1,,,,CO,10.4308106,-75.5326121,,,osm
node:7048148740,D1,,,,CO,4.2860017,-74.7751683,,,osm
node:7064962152,D1,,,,CO,4.5225268,-75.6477699,,,osm
node:7099223689,D1,,,,CO,4.6317051,-74.4641364,,,osm
node:7157647318,D1,,,,CO,4.5007496,-75.7205105,,,osm
node:7194386805,D1,Calle 60 Sur,Sabaneta Antioquia,,CO,6.1546807,-75.6067343,,Mo-Su 07:00-21:00; PH 08:00-21:00,osm
node:7202393192,D1,,,,CO,4.6234413,-74.4708816,,,osm
node:7240989333,D1,,,,CO,7.1343293,-73.1176337,,,osm
node:7254330126,D1,Calle 62 Sur,Sabaneta,,CO,6.1551054,-75.6116358,,,osm
node:7330357472,D1,,,,CO,6.2692883,-75.5442112,,,osm
node:7330654174,D1,,,,CO,6.2847585,-75.5593661,,,osm
node:7333188688,D1,,,,CO,6.2665493,-75.5657513,,,osm
node:7337305663,D1,,,,CO,6.2622908,-75.5951286,,,osm
node:7337305677,D1,,,,CO,6.2657708,-75.5933184,,,osm
node:7337374705,D1,,,,CO,6.2374837,-75.5965271,,,osm
node:7352018616,D1,,,,CO,6.2026488,-75.6012408,,,osm
node:7353455547,D1,,,,CO,6.2637556,-75.571336,,"Mo-Su,PH 08:00-21:00",osm
node:7428354585,D1,,,,CO,4.7017049,-74.11731,,,osm
node:7435510854,D1,,,,CO,4.7097815,-74.2153305,,,osm
node:7490756593,D1,,,,CO,2.123153,-76.9791007,,,osm
node:7692609920,D1,,,,CO,11.0217109,-74.8624835,,,osm
node:7706077629,D1,,,,CO,6.2249124,-75.5967628,,,osm
node:8132345536,D1,,,,CO,2.4852465,-76.5819442,,,osm
node:8255890959,D1,,,,CO,12.5783098,-81.7008429,,"PH,Mo-Su 08:00-21:00+",osm
node:8270601141,D1,,,,CO,4.6803482,-74.1357653,,,osm
node:8353845829,D1,,,,CO,4.7031216,-74.0921416,,,osm
node:8384768517,D1,,,,CO,4.5795163,-74.0800672,,,osm
node:8402778021,D1,,,,CO,10.3914,-73.0291472,,,osm
node:8425380811,D1,,,,CO,2.4384414,-76.6050223,,,osm
node:8454866117,D1,,,,CO,4.708537,-74.1368942,,,osm
node:8459243617,D1,,,,CO,4.6502746,-74.0556787,,Mo-Su 08:00-21:00,osm
node:8522507691,D1,,,,CO,4.7443027,-74.1286284,,,osm
node:8532707771,D1,,,,CO,6.230831,-75.5926793,,,osm
node:8592763146,D1,,,,CO,2.4463162,-76.6116296,,,osm
node:8622709967,D1,,,,CO,7.0901383,-73.1095258,,,osm
node:8699723064,D1,,,,CO,4.7437952,-74.1408587,,,osm
node:8712519667,D1,hatogrande,cajica,,CO,4.9189168,-74.0142058,,Mo-Su 09:00-21:00,osm
node:8713475390,D1,Carrera 4,Guachetá,,CO,5.3847029,-73.6866566,,Mo-Su 09:00-21:00,osm
node:8723079229,D1,,,,CO,3.8778242,-77.0211105,,,osm
node:8729507776,Tiendas D1,,,,CO,1.3841733,-77.1562908,,,osm
node:8739860714,D1,,,,CO,7.9188212,-72.4867207,,Mo-Su 07:00-20:00,osm
node:8780106618,D1,,,,CO,4.7059699,-74.093427,,,osm
node:8910225528,D1,Avenida 19 de Enero,Armenia,,CO,4.5678333,-75.6510939,,,osm
node:8929348005,D1,,,,CO,4.7209327,-74.0450283,,,osm
node:9007484374,D1,,,,CO,4.5451261,-75.6628288,,,osm
node:9092381518,D1,,,,CO,6.2333219,-75.1602975,,,osm
node:9198830345,D1,,,,CO,6.2581639,-75.5980764,,,osm
node:9198830346,D1,,,,CO,6.2576875,-75.5978207,,,osm
node:9216335387,D1,Carrera 4 3-75,Fómeque,,CO,4.4851524,-73.8937858,,,osm
node:9234224824,D1,,,,CO,5.3280264,-72.4076366,,,osm
node:9234319300,D1,,,,CO,3.4028516,-76.5407811,,,osm
node:9254137052,D1,,,,CO,8.2672989,-73.3645755,,,osm
node:9293819714,D1,,,,CO,4.7168338,-74.0297009,,,osm
node:9309094346,D1,,,,CO,7.8891187,-75.669781,,,osm
node:9318978189,D1,,,,CO,4.6379407,-75.5706228,,"Mo-Su,PH 08:00-21:00",osm
node:9402649642,D1,,,,CO,3.4342272,-76.4952548,,,osm
node:9402653409,D1,,,,CO,3.4582847,-76.4828651,,,osm
node:9402662000,D1,,,,CO,3.2312868,-76.5095153,,,osm
node:9404551480,D1,,,,CO,3.432094,-76.5088241,,,osm
node:9404615429,D1,,,,CO,3.4317876,-76.5022302,,,osm
node:9404661169,D1,,,,CO,3.4793806,-76.5189093,,,osm
node:9404664800,D1,,,,CO,3.4815558,-76.4996374,,,osm
node:9413746217,D1,Calle 33,,,CO,7.1209344,-73.1251448,,Mo-Sa 07:00-20:00; Su 08:00-18:00,osm
node:9425601328,D1,,,,CO,4.8627621,-74.0462782,,,osm
node:9426899029,D1,,,,CO,4.5074194,-75.6905002,,,osm
node:9438276716,D1,,,,CO,3.481473,-76.4994959,,,osm
node:9450315617,D1,Carrera 12 (Avenida Santander),,,CO,6.5550718,-73.1392532,,Mo-Su 07:00-21:00,osm
node:9459030517,D1,Avenida del Libertador 24-??,,,CO,11.2408744,-74.1877364,,Mo-Su 07:00-21:00,osm
node:9466543417,D1,,,,CO,11.006461,-74.2509288,,Mo-Su 07:00-21:00,osm
node:9469483517,D1,Vía 40,,,CO,11.0253466,-74.8032293,,Mo-Su 07:00-21:00,osm
node:9470359420,D1,,,,CO,10.9882233,-74.9581064,,Mo-Su 07:00-20:00,osm
node:9476607119,D1,Avenida Daniel Lemaitre,,,CO,10.4232277,-75.5478511,,Mo-Su 07:00-21:00,osm
node:9487067017,D1,Calle 31D,,,CO,10.4065311,-75.4900903,,Mo-Su 07:00-20:00,osm
node:9492898517,D1,Carrera 53,,,CO,4.6491261,-74.0871189,,Mo-Sa 08:00-21:00; Su 08:00-20:00,osm
node:9496678617,D1,,,,CO,4.6694405,-74.0546973,,,osm
node:9498663617,D1,Avenida Carrera 15,,,CO,4.6595541,-74.0611749,,,osm
node:9499411617,D1,Calle 40B,,,CO,4.6277107,-74.0667157,,,osm
node:9499411618,D1,,,,CO,4.6005597,-74.0700398,,Mo-Sa 08:00-21:00; Su 08:00-20:00,osm
node:9501137417,D1,Avenida Carrera 14,,,CO,4.6360766,-74.067382,,Mo-Sa 07:00-21:00; Su 08:00-21:00,osm
node:9501838317,D1,Carrera 14,,,CO,4.6658285,-74.0566435,,Mo-Su 08:00-21:00,osm
node:9503248117,D1,Avenida Carrera 30,,,CO,4.6603353,-74.0778926,,Mo-Su 08:00-21:00,osm
node:9505698818,D1,Avenida Carrera 45,,,CO,4.691377,-74.0570831,,Mo-Su 07:00-20:00,osm
node:9505699017,D1,Avenida Carrera 45,,,CO,4.6952072,-74.0552377,,Mo-Sa 07:00-20:00; Su 08:00-20:00,osm
node:9506341219,D1,Avenida Carrera 20 87-51,,,CO,4.6758191,-74.0596081,,Mo-Su 08:00-21:00,osm
node:9517952681,D1,,,,CO,6.6487996,-75.4592104,,,osm
node:9560891217,D1,,,,CO,6.2399919,-75.5815817,,,osm
node:9583258117,D1,,,,CO,6.2502239,-75.5909078,,,osm
node:9583401217,D1,,,,CO,6.2437766,-75.6111811,,"PH,Mo-Su 08:00-21:00",osm
node:9584075762,D1,,,,CO,8.7427222,-75.8918617,,,osm
node:9631661022,D1,,,,CO,7.9257922,-72.5204885,,,osm
node:9665917772,D1,,,,CO,4.5420884,-75.6725047,,,osm
node:9720690917,D1,,,,CO,6.244965,-75.6083491,,,osm
node:9738500018,D1,,,,CO,6.2295932,-75.5730727,,,osm
node:9842150229,D1,Calle 19B 33-46,,,CO,4.6220729,-74.0899922,,Mo-Su 08:00-21:00,osm
node:9862135417,D1,,,,CO,6.0944494,-75.488171,,,osm
node:9936382323,D1,,,,CO,11.5322917,-72.9178354,,,osm
node:9977255422,D1,,,,CO,4.5265005,-75.6825054,,,osm
node:10010386217,D1,,,,CO,10.440923,-75.5275042,,Mo-Su 07:00-21:00,osm
node:10059721125,D1,,,,CO,6.1592165,-75.5996614,,,osm
node:10059742817,D1,Aurora Cll.64 #104-69 Medellin,Comuna 7 - Robledo,,CO,6.2809614,-75.6139593,,Mo-Su 09:00-21:00,osm
node:10062198117,D1,,,,CO,6.1715432,-75.6410194,,,osm
node:10092392640,D1,,,,CO,4.5140362,-75.6979996,,,osm
node:10099535458,D1,,,,CO,11.1908586,-74.2257552,,,osm
node:10099923404,D1,Cl. 6ª #26,,,CO,4.8204687,-73.1668367,,,osm
node:10101244417,D1,,,,CO,4.6237371,-74.1310066,,,osm
node:10103605768,Tienda D1 Troncal,,,,CO,11.1888434,-74.2162468,,,osm
node:10131523819,D1,Carrera 7,Pereira,,CO,4.8155891,-75.7030079,,,osm
node:10134557996,D1,,,,CO,3.4806258,-76.4976941,,,osm
node:10166933848,D1,Calle 42 74-18,,,CO,6.2484305,-75.5939784,,,osm
node:10183953691,D1,,,,CO,9.2605688,-74.7774159,,,osm
node:10183960493,D1,,,,CO,9.3162942,-75.2930336,,,osm
node:10201778830,D1,,,,CO,9.3228187,-75.2971587,,,osm
node:10238104764,D1,,,,CO,8.8828257,-75.7933484,,,osm
node:10238198749,D1,,,,CO,4.6775796,-74.051666,,,osm
node:10253874712,D1,,,,CO,4.6573304,-74.0575685,,,osm
node:10268692228,,,,,CO,4.6174482,-74.066197,,"Mo-Su,PH 09:00-20:00",osm
node:10268739772,D1,Cl. 6 Nte. #17,,,CO,7.9037359,-72.4967024,,Mo-Su 07:00-21:00,osm
node:10289669637,D1,Avenida Circunvalar,Pereira,,CO,4.8083753,-75.6794785,,,osm
node:10289716094,D1,Calle 15,Pereira,,CO,4.8095825,-75.6912587,,,osm
node:10316689060,D1,,,,CO,6.092999,-75.6367423,,,osm
node:10555185310,D1,Carrera 13,Pereira,,CO,4.8122959,-75.7077484,,,osm
node:10555435562,D1,,,,CO,6.1501026,-75.5310309,,,osm
node:10555492830,D1,,,,CO,6.1519024,-75.3682742,,,osm
node:10590325805,D1,,,,CO,6.029959,-75.4310996,,,osm
node:10595337105,D1,,,,CO,4.6134286,-74.0685639,,,osm
node:10605296406,D1,,,,CO,4.645596,-74.0637134,,,osm
node:10620977536,D1,,,,CO,6.2643081,-75.5579404,,,osm
node:10687164725,D1,,,,CO,4.7179455,-74.0327159,,,osm
node:10697757909,D1,,,,CO,1.227006,-77.2871113,,,osm
node:10713210660,D1,,,,CO,4.6762861,-74.0468987,,,osm
node:10713427008,D1,,,,CO,4.6402755,-74.0647685,,,osm
node:10790576341,D1,,,,CO,5.1976332,-74.8967162,,,osm
node:10797319721,D1,,,,CO,4.5277203,-75.7146285,,,osm
node:10806584938,D1,,,,CO,4.7251491,-74.1338874,,,osm
node:10827458984,D1,,,,CO,3.3851138,-76.5239512,,,osm
node:10872573905,D1,,,,CO,5.0680541,-74.5987907,,,osm
node:10920451305,D1,,,,CO,5.0492517,-75.4802532,,,osm
node:10920710706,D1,,,,CO,5.0553842,-75.4873259,,,osm
node:10935378205,D1,,,,CO,5.0530725,-75.4891461,,,osm
node:10944499228,D1,Carrera 15,Bostón,,CO,4.8080202,-75.6966317,,,osm
node:10945029478,D1,,,,CO,4.707236,-74.2313854,,,osm
node:10968485805,D1,,,,CO,4.4137588,-76.1527703,,,osm
node:10978021305,D1,,,,CO,5.4200101,-75.703547,,,osm
node:10979945950,D1,,,,CO,8.9940269,-73.9712139,,,osm
node:10981473436,D1,,,,CO,4.9641851,-73.9157286,,,osm
node:10981483907,D1,,,,CO,3.4507838,-76.5424734,,,osm
node:11008621406,D1,,,,CO,6.2419042,-75.598967,,,osm
node:11009023505,D1,,,,CO,6.2513992,-75.5703259,,"PH,Mo-Su 08:00-21:00",osm
node:11012987605,D1,,,,CO,6.2361443,-75.6020796,,,osm
node:11018928801,D1,,,,CO,4.5609732,-75.6526858,,,osm
node:11026207806,D1,,,,CO,11.2442471,-73.5588784,,,osm
node:11028924806,D1,,,,CO,2.9534722,-75.2977278,,,osm
node:11092592905,D1,,,,CO,2.1951829,-75.6310309,,,osm
node:11110251710,D1,,,,CO,6.2765118,-75.5889148,,,osm
node:11134409617,D1,,,,CO,4.470093,-75.7543305,,,osm
node:11207743659,D1,,,,CO,6.2514163,-75.5704704,,,osm
node:11213846663,D1,,,,CO,6.2763577,-75.4404248,,,osm
node:11369607870,D1,Carrera 78,,,CO,4.6547886,-74.1306819,,,osm
node:11396299733,D1,,,,CO,4.5423707,-75.690511,,,osm
node:11415711406,D1,,,,CO,8.7506572,-75.8979361,,,osm
node:11430337552,D1,,,,CO,4.5094734,-74.117754,,,osm
node:11438981057,D1,,,,CO,6.2114096,-75.5848451,,,osm
node:11453120156,D1,,,,CO,4.5390737,-75.697044,,"Mo-Su,PH 07:00-21:00",osm
node:11470934193,D1,,,,CO,2.6403417,-76.5271915,,,osm
node:11529022680,D1,,,,CO,3.4181385,-76.5282109,,,osm
node:11558340463,D1,,,,CO,6.1428101,-75.371342,,,osm
node:11569959541,D1,Calle 107,Barranquilla,,CO,11.0142229,-74.8365669,,,osm
node:11704933270,D1,,,,CO,7.8994522,-72.5003894,,,osm
node:11826600129,D1,,,,CO,6.8488881,-75.8175095,,,osm
node:11826601743,D1,,,,CO,6.1703262,-75.6167601,,,osm
node:11840407995,D1,,,,CO,6.2481485,-75.5972419,,,osm
node:11848885464,D1,Calle 44 #95 - 53,,,CO,6.2551866,-75.6120004,,Mo-Su 08:00-21:00,osm
node:11850570509,D1,,,,CO,6.1340764,-75.6341271,,,osm
node:11887891073,D1,,,,CO,6.279862,-75.587235,,,osm
node:11903505018,D1,,,,CO,6.4913398,-74.3997701,,,osm
node:11916376308,D1,,,,CO,4.7238432,-74.0722392,,,osm
node:11920910187,D1,,,,CO,3.2572208,-76.545666,,,osm
node:11961657806,D1,,,,CO,6.3382044,-75.5411766,,,osm
node:12077203775,D1,,,,CO,3.2651574,-76.55786,,,osm
node:12077656560,D1,,,,CO,10.3950253,-75.4894431,,,osm
node:12084033884,D1,,,,CO,3.2599074,-76.5436041,,,osm
node:12094353402,D1,,,,CO,0.8281061,-77.6548203,,"Mo-Su,PH 08:00-21:00",osm
node:12097361015,D1,,,,CO,6.1693531,-75.3372873,,,osm
node:12097361092,D1,,,,CO,6.1700083,-75.3295676,,,osm
node:12134272192,D1,,,,CO,11.0195588,-74.8040952,,,osm
node:12190982361,D1,,,,CO,10.4632545,-73.2305658,,,osm
node:12194334443,D1,,,,CO,4.5537157,-75.6571822,,,osm
node:12206122816,D1,,,,CO,7.1019841,-73.1060575,,,osm
node:12216445142,D1,,,,CO,4.909373,-74.0277937,,,osm
node:12223080754,D1,,,,CO,5.0584759,-75.4830279,,,osm
node:12223130207,D1,,,,CO,5.0672307,-75.4886863,,,osm
node:12240542724,D1,,,,CO,4.9174411,-74.0233869,,,osm
node:12288644004,D1,,,,CO,4.512727,-76.2383518,,,osm
node:12295736800,D1,,,,CO,4.5371495,-75.669106,,,osm
node:12312293502,D1,,,,CO,5.0702164,-75.4945505,,,osm
node:12321525838,D1,,,,CO,4.7321905,-74.0450395,,,osm
node:12323685749,D1,,,,CO,7.0957478,-73.1083949,,,osm
node:12328816459,D1,,,,CO,6.2576365,-75.5853627,,,osm
node:12343825589,D1,,,,CO,7.0874769,-73.1041767,,,osm
node:12351489966,D1,,,,CO,7.0695096,-73.1071305,,,osm
node:12364891101,D1,Vía Aguas Claras - El Carmen de Viboral,,,CO,6.0812062,-75.3422344,,Mo-Su 08:00-20:00,osm
node:12389258966,D1,,,,CO,4.6540461,-74.0539842,,,osm
node:12407913601,D1,,,,CO,4.623212,-75.7670452,,,osm
node:12421946232,D1,Carrera 64 98,Barranquilla,,CO,11.0186318,-74.8221489,,,osm
node:12438026001,D1,,,,CO,11.2336942,-74.2135701,,,osm
node:12438874107,D1,,Oiba,,CO,6.2654971,-73.3003823,,,osm
node:12449650886,D1,,,,CO,11.0394061,-74.8252215,,,osm
node:12453673620,D1,,,,CO,3.4748256,-76.5002402,,,osm
node:12467706585,Tiendas D1,,,,CO,4.7625215,-74.0432628,,,osm
node:12507585767,D1,,,,CO,4.5807725,-74.2164951,,,osm
node:12526854029,D1,,,,CO,2.452873,-76.6024068,,,osm
node:12560191501,D1,,,,CO,11.2659841,-74.1908731,,,osm
node:12563440001,D1,,,,CO,11.2401584,-74.2112315,,,osm
node:12563473601,D1,,,,CO,11.2039523,-74.2246057,,,osm
node:12578952601,D1,,,,CO,1.6036909,-75.5948972,,,osm
node:12587596701,D1,,,,CO,6.149249,-75.3680137,,Mo-Su 08:00-21:00,osm
node:12599744122,D1,Calle 48C Sur,Bogotá,,CO,4.5783211,-74.1306365,,,osm
node:12669305201,D1,,,,CO,6.1931683,-75.577601,,,osm
node:12706124412,D1,,,,CO,6.2021675,-75.5566509,,,osm
node:12715062599,D1,,,,CO,5.0728555,-75.5201742,,,osm
node:12715074503,D1,,,,CO,5.0654096,-75.5056442,,,osm
node:12729259012,D1,,,,CO,4.7528648,-74.058282,,,osm
node:12729288183,D1,,,,CO,4.7498664,-74.0592223,,,osm
node:12778962223,D1,,,,CO,11.0158768,-74.8777403,,,osm
node:12805261201,D1,,,,CO,6.1865289,-72.4693869,,,osm
node:12814753715,D1,,,,CO,5.2430328,-75.7812634,,,osm
node:12814753718,D1,,,,CO,5.2319675,-75.7873341,,,osm
node:12815823332,D1,,,,CO,4.6136403,-74.2102028,,,osm
node:12824607973,D1,,,,CO,7.1137994,-73.1139926,,,osm
node:12845275402,D1,,,,CO,6.6355334,-73.2222022,,,osm
node:12845277801,D1,,,,CO,6.8148908,-73.2692514,,Mo-Su 07:00-21:00,osm
node:12856635601,D1,,,,CO,6.485487,-75.0200078,,,osm
node:12865155103,D1,,,,CO,6.2274786,-75.4907592,,,osm
node:12876218801,D1,,,,CO,6.079145,-75.634897,,,osm
node:12876219001,D1,,,,CO,6.0403611,-75.7035388,,,osm
node:12879290198,D1,,,,CO,6.1621097,-75.635977,,,osm
node:12900521601,D1,,,,CO,5.4052372,-75.4879825,,,osm
node:12908505001,D1,,,,CO,5.2724084,-75.4904016,,,osm
node:12911735701,D1,,,,CO,5.1678408,-75.5212896,,,osm
node:12920332902,D1,,,,CO,4.2639974,-75.9348474,,,osm
node:12925063901,D1,,,,CO,4.098387,-76.2088254,,,osm
node:12942539501,D1,,,,CO,3.4453748,-76.536326,,,osm
node:12942540502,D1,,,,CO,3.4359098,-76.5342942,,,osm
node:12946730910,D1,,,,CO,3.2419826,-76.5543546,,,osm
node:12947517501,D1,,,,CO,3.0063543,-76.4871279,,,osm
node:12951170126,D1,Transversal 9,Girardot,,CO,4.3159827,-74.7927511,,,osm
node:12962391801,D1,,,,CO,1.6058302,-77.1299721,,,osm
node:12974296386,D1,,,,CO,10.4054894,-75.4658433,,,osm
node:12983434455,D1,,,,CO,4.611676,-74.2016225,,,osm
node:12984662902,D1,,,,CO,0.8274754,-77.639349,,Mo-Su 08:00-21:00,osm
node:12986984502,D1,,,,CO,8.7329889,-75.8739857,,Mo-Sa 07:00-21:00; Su 08:00-20:00,osm
node:12986990701,D1,,,,CO,8.7465902,-75.8569009,,,osm
node:13061076401,D1,,,,CO,4.2059706,-74.6416938,,Mo-Su 09:00-21:00,osm
node:13101104711,D1,,,,CO,6.2235846,-75.5724642,,,osm
node:13112978404,D1,,,,CO,2.4373349,-76.61595,,,osm
way:268046220,Tiendas D1 - Filandia,,,,CO,4.6741157,-75.6574296,,,osm
way:275091515,D1,,,,CO,6.2843193,-75.5771755,,,osm
way:321917000,D1,,,,CO,4.5298485,-75.6424588,,,osm
way:323555437,Faster Pizza,,,,CO,4.5347314,-75.6396394,,,osm
way:323555442,D1,,,,CO,4.5348119,-75.639615,,,osm
way:330299608,D1,,,,CO,4.531602,-75.692025,,,osm
way:330998260,D1,,,,CO,4.5391839,-75.6797397,,,osm
way:340362134,D1,,,,CO,4.5482831,-75.6758707,,,osm
way:377765989,D1,,,,CO,6.2487673,-75.6085715,,,osm
way:387033316,D1,,,,CO,3.4212209,-76.552769,,,osm
way:404727647,Tiendas D1,,,,CO,4.6758964,-74.1440815,,,osm
way:408071335,D1,,,,CO,4.725378,-74.0329077,,"Mo-Su,PH 08:00-21:00",osm
way:410391728,D1,,,,CO,4.7156626,-74.214945,,,osm
way:412554484,D1,,,,CO,4.749969,-74.0591717,,,osm
way:440415319,D1,,,,CO,6.2434132,-75.5940576,,,osm
way:461758390,D1,,,,CO,4.6811484,-74.1432583,,,osm
way:467674924,D1,Calle 80 29-16,Pereira,,CO,4.796233,-75.7416398,,Mo-Su 09:00-21:00,osm
way:478121568,D1,Calle 57,Bogotá D.C.,,CO,4.6450506,-74.072919,,,osm
way:527383584,D1,Avenida Carrera 58,,,CO,4.7219938,-74.0668591,,,osm
way:528133787,D1,Calle 119 12-36,Bogotá D.C.,,CO,4.6987857,-74.039408,,,osm
way:528194919,D1,Avenida Calle 100,,,CO,4.6886752,-74.0623707,,,osm
way:528251634,D1,Calle 82,,,CO,4.6684216,-74.0577763,,,osm
way:528463409,D1,Carrera 72A,,,CO,4.6871244,-74.0957073,,,osm
way:529801612,Tiendas D1,,,,CO,4.7104349,-74.0739014,,,osm
way:530131609,Tiendas D1,Avenida Carrera 24,,,CO,4.6637032,-74.0663137,,Mo-Su 08:00-21:00,osm
way:530407249,D1,Calle 140,,,CO,4.7219354,-74.0432158,,,osm
way:531348970,D1,Calle 140,,,CO,4.7209172,-74.0395304,,,osm
way:531825839,,Avenida Calle 26 32A-60,,,CO,4.6300734,-74.0824784,,,osm
way:532016461,D1,Carrera 102A,,,CO,4.731,-74.0993888,,"Mo-Su,PH 08:00-22:00",osm
way:532071311,D1,Carrera 94,,,CO,4.703595,-74.1094881,,,osm
way:532977789,D1,Avenida Suba,,,CO,4.7162614,-74.0730138,,,osm
way:533054141,D1,Calle 128,,,CO,4.7262232,-74.0985274,,,osm
way:533210620,D1,Avenida Suba,,,CO,4.7401001,-74.0876517,,,osm
way:540751516,D1,Avenida Calle 24,,,CO,4.6367677,-74.0967146,,,osm
way:540853873,D1,Avenida Carrera 30,,,CO,4.6399799,-74.0787275,,Mo-Su 08:00-21:00,osm
way:541178406,D1,Carrera 75,,,CO,4.6680773,-74.117917,,,osm
way:542296243,D1,Calle 57 Sur,,,CO,4.5657341,-74.1349805,,,osm
way:543144420,D1,Carrera 68G,,,CO,4.603568,-74.1387776,,,osm
way:543151849,D1,,,,CO,4.8281667,-74.3535788,,,osm
way:543423981,D1,Avenida Carrera 86,"Bogotá, D.C.",,CO,4.6319098,-74.1665613,,,osm
way:546263208,D1,,,,CO,6.2448132,-75.617481,,,osm
way:546369598,D1,Carrera 17 11 - 36,,,CO,4.8210086,-75.6821815,,Mo-Su 08:00-21:00,osm
way:548899887,D1,,,,CO,6.1859346,-75.653324,,,osm
way:550950589,D1,,,,CO,4.6070833,-74.1857505,,,osm
way:551507864,D1,Avenida Calle 13,,,CO,4.5839657,-74.2197482,,,osm
way:551515459,D1,,,,CO,4.5906091,-74.1977037,,,osm
way:559918948,Tiendas D1,,,,CO,4.6813959,-74.1487146,,,osm
way:583379141,D1,,,,CO,4.4466982,-75.2456779,,,osm
way:597104231,D1,Vía La Calera,,,CO,4.6606859,-74.0069022,,,osm
way:630014090,D1,,,,CO,7.0710055,-73.1043556,,,osm
way:648316857,D1,,,,CO,5.0721907,-75.6722525,,,osm
way:660757712,D1,,,,CO,4.755732,-74.0796629,,,osm
way:674635262,D1,,,,CO,10.9635133,-74.8094975,,,osm
way:675058439,D1,,,,CO,4.4951382,-74.2581562,,,osm
way:683611576,D1,,,,CO,4.5881658,-74.1172324,,,osm
way:686230609,D1,,,,CO,5.4020824,-73.3340776,,,osm
way:698372405,D1,Calle 84 47,Barranquilla,,CO,11.0020822,-74.8186446,,,osm
way:704386872,D1,,,,CO,4.5940232,-74.1127975,,,osm
way:712299731,D1,,,,CO,4.7355052,-75.9051417,,,osm
way:777870964,Tiendas D1,Avenida Carrera 9 121-50,Bogotá D.C.,,CO,4.6988823,-74.032769,,,osm
way:780297985,D1,Carrera 43 90,Barranquilla,,CO,11.0011588,-74.8261047,,,osm
way:781421104,D1,,,,CO,4.5553711,-75.6512835,,,osm
way:782273838,D1,,,,CO,4.6303431,-74.1499679,,,osm
way:784634064,D1,,Urrao,,CO,6.316254,-76.1353904,,,osm
way:784946245,D1,,,,CO,6.2330271,-75.5970517,,,osm
way:784950560,D1,,,,CO,6.2196539,-75.6028702,,,osm
way:785389131,D1,,,,CO,9.2368665,-74.7451023,,,osm
way:785960593,D1,,,,CO,6.2132222,-75.6017681,,,osm
way:788122258,D1,Centro Historico Norte Cra. 42F #79-38,Barranquilla,,CO,10.9942506,-74.814499,,,osm
way:791048608,D1,Carrera 27 87,Barranquilla,,CO,10.9771734,-74.8290569,,,osm
way:802734307,D1,,,,CO,2.4555227,-76.6397563,,,osm
way:802734308,D1,,,,CO,2.433912,-76.6206306,,,osm
way:802734309,D1,,,,CO,2.4857965,-76.560938,,,osm
way:802734314,D1,,,,CO,2.4614246,-76.5838983,,,osm
way:813263832,D1,,,,CO,4.8119878,-74.3501591,,,osm
way:813264366,D1,,,,CO,4.8174915,-74.3634215,,,osm
way:813526849,D1,,,,CO,4.5535028,-74.0846063,,,osm
way:842933290,D1,,,,CO,3.5391599,-76.3145884,,,osm
way:852202396,D1,,,,CO,1.8509041,-76.0475855,,,osm
way:879480817,D1,,,,CO,6.2384139,-75.5536272,,,osm
way:898016995,Tienda D1 - Portal de Los Nogales,Carrera 12A,Soledad,,CO,10.9106425,-74.8105406,,24/7,osm
way:910120055,D1,,,,CO,8.7588038,-75.8701279,,,osm
way:910533145,D1,,,,CO,4.7119577,-74.1270358,,,osm
way:935906282,D1,,,,CO,4.5531566,-74.5344034,,,osm
way:940623636,D1,Carrera 12,Soledad,,CO,10.9033689,-74.8060679,,,osm
way:950207958,D1,,Buenaventura,,CO,3.8808627,-77.0333914,,,osm
way:971464879,D1 Cajicá centro,Calle 1 4 - 48,,,CO,4.9163265,-74.02598,,08:00-21:00,osm
way:986692976,D1,,,,CO,6.2475938,-75.5512136,,,osm
way:1029123948,D1,,,,CO,6.2877842,-73.1464706,,,osm
way:1036162441,D1,,,,CO,3.9856535,-73.7666848,,,osm
way:1041672683,D1,,,,CO,7.8244437,-72.4727181,,,osm
way:1042480483,D1,Autopista Norte,Copacabana,,CO,6.3593769,-75.4982879,,,osm
way:1043622613,D1,Calle 30,Don Matías,,CO,6.4863036,-75.3953345,,,osm
way:1069381404,D1,,,,CO,3.5301489,-76.3056766,,,osm
way:1092737562,D1,,,,CO,5.1958635,-73.1459268,,,osm
way:1097043901,D1,,,,CO,4.7354015,-74.2704967,,,osm
way:1098827491,D1,,,,CO,4.5795431,-74.0865954,,,osm
way:1101845970,D1,,,,CO,4.7607468,-74.0334131,,,osm
way:1103636599,D1,Calle 56 4F-06,Soledad,,CO,10.8954723,-74.7922502,,,osm
way:1103700656,D1,,,,CO,10.9085428,-74.7945008,,,osm
way:1110329621,D1,,,,CO,4.590252,-74.2060966,,,osm
way:1120820648,D1,,,,CO,1.6035638,-75.5949711,,,osm
way:1123528532,D1,,,,CO,7.8911854,-72.4908391,,,osm
way:1149207205,D1,,,,CO,11.1963207,-74.2282315,,,osm
way:1169205810,D1,,,,CO,9.0028291,-73.9739521,,,osm
way:1193792227,D1,,,,CO,4.6503147,-74.0858961,,,osm
way:1198154705,d1,,,,CO,4.5715281,-74.0976703,,,osm
way:1210873790,D1,,,,CO,10.8053361,-74.9153459,,,osm
way:1216292440,D1,,,,CO,10.7944427,-74.9158831,,,osm
way:1220635187,D1,Cl. 15 #8-125 Cl. 15,Facatativa,,CO,4.8231791,-74.3582581,,,osm
way:1221648421,D1,,,,CO,10.5227087,-74.1857251,,,osm
way:1221650490,D1,,,,CO,10.5161944,-74.1995175,,,osm
way:1224674354,D1,,,,CO,4.7043252,-74.2140149,,,osm
way:1225793865,D1,,,,CO,5.0204113,-73.9992367,,,osm
way:1241486754,D1,,,,CO,5.0722584,-75.52996,,,osm
way:1247668264,D1,,,,CO,4.550814,-75.6659446,,,osm
way:1252667872,D1,,,,CO,4.8162746,-72.2851926,,,osm
way:1255667368,D1,Calle 84A 82-20,,,CO,4.6657739,-74.0524611,,Mo-Su 07:00-20:00,osm
way:1258044986,D1,,,,CO,4.7592976,-74.3805103,,,osm
way:1268005923,D1,,,,CO,4.8188198,-73.6357254,,,osm
way:1272642051,D1,,,,CO,6.4899538,-74.4051417,,,osm
way:1285006030,D1,,,,CO,4.8175642,-75.6884834,,,osm
way:1290731122,D1,,,,CO,4.5223764,-75.6931244,,,osm
way:1292954602,D1,,,,CO,4.4446752,-75.1911613,,,osm
way:1300114716,D1,Avenida Calle 17 Carrera 1A,Pitalito,,CO,1.8548264,-76.0376371,,,osm
way:1300114717,D1,Calle 22 Sur Carrera 2A,Pitalito,,CO,1.8450232,-76.0667873,,,osm
way:1324695847,D1,,,,CO,4.74858,-74.0832494,,,osm
way:1328392938,D1,,,,CO,4.7969608,-74.3350396,,,osm
way:1329211871,D1,,,,CO,4.5843353,-74.0963615,,,osm
way:1329213177,D1,,,,CO,4.5805746,-74.0914453,,,osm
way:1330518852,D1,,,,CO,4.5117222,-75.6971712,,,osm
way:1331975781,D1,Carrera 43 84,Barranquilla,,CO,10.9980368,-74.8198167,,,osm
way:1334238669,D1,,,,CO,7.088633,-73.1037765,,,osm
way:1339076489,D1,Carrera 6,,,CO,5.0694706,-73.8761204,,,osm
way:1342184220,D1,Calle 7B,Fusagasugá,,CO,4.342847,-74.3628905,,,osm
way:1343920014,D1,,,,CO,4.5278689,-75.6414306,,,osm
way:1346185845,D1,,,,CO,5.1035061,-73.8001779,,,osm
way:1353732561,D1,,,,CO,2.4501287,-76.6281446,,,osm
way:1356998596,D1,,,,CO,3.4813172,-76.4995546,,,osm
way:1358108502,D1,,Pore,,CO,5.730072,-71.9998458,,,osm
way:1360724239,D1,,,,CO,8.7613733,-75.8767078,,,osm
way:1362432769,D1,,,,CO,3.4421118,-76.5409946,,Mo-Su 08:00-21:00,osm
way:1370366872,D1,,,,CO,7.1282646,-73.1187049,,,osm
way:1374784774,D1,,,,CO,4.7528324,-74.0580977,,,osm
way:1375104434,D1,Carrera 6,,,CO,4.7340555,-74.261134,,,osm
way:1377052270,D1,,,,CO,6.1703059,-75.6167772,,,osm
way:1383897735,D1,,,,CO,10.3996735,-75.4570419,,,osm
way:1390231169,D1,,,,CO,4.6985044,-74.0513747,,,osm
way:1390817695,D1,,,,CO,4.6282494,-74.2087936,,,osm
way:1396635566,D1,,,,CO,7.0871775,-73.122212,,,osm
way:1410080569,D1,,,,CO,4.5960777,-74.1751301,,,osm
way:1410471184,D1,,,,CO,1.6168348,-75.6152754,,,osm
way:1410471185,D1,,,,CO,1.6211164,-75.6091246,,,osm
way:1410471187,D1,,,,CO,1.6232667,-75.5965356,,,osm
way:1410471189,D1,,,,CO,1.6084804,-75.6038606,,,osm
way:1410471194,D1,,,,CO,1.6180187,-75.630894,,,osm
way:1410719147,D1,,,,CO,4.5715874,-74.2130122,,,osm
way:1410729205,D1,,,,CO,4.5735598,-74.2142794,,,osm
way:1411597666,D1,,,,CO,4.5801802,-74.1995385,,,osm
way:1412812256,D1,,,,CO,4.5878447,-74.1896314,,,osm
way:1418722766,D1,,,,CO,4.5781085,-74.1083431,,,osm
way:1419230417,D1,,,,CO,6.0807487,-75.3342162,,,osm
way:1421058736,D1,,,,CO,7.0632774,-73.1461917,,,osm
way:1422178389,D1,,,,CO,7.1020363,-73.1061742,,,osm
way:1422593500,D1,,,,CO,7.1336793,-73.1248654,,,osm
way:1425072049,D1,,,,CO,6.6990627,-73.5109978,,,osm
